3,2
3,1
3,3
10,150
10,168
10,74
10,16
10,222
10,96
10,258
10,1
10,68
10,2
10,3
11,24
11,12
11,4
11,9
11,13
11,19
11,6
11,1
11,18
11,2
11,3
9,7
9,4
9,1
9,6
9,2
9,3
8,12
8,4
8,9
8,1
8,6
8,2
8,3
12,2
12,1
12,3
20,2
20,1
20,3
19,2
19,1
19,3
18,1
18,3
14,1
14,3
13,1
13,3
2,2
2,1
2,3
228,4
228,3
228,2
228,1
228,0
226,4
226,3
226,2
226,1
226,0
225,5
225,4
225,3
225,2
225,1
225,0
224,4
224,3
224,2
224,1
224,0
223,3
223,2
223,1
223,0
222,4
222,3
222,2
222,1
222,0
221,3
221,2
221,1
221,0
0,0
229,34
229,33
229,32
229,31
229,30
229,29
229,28
229,27
229,26
229,25
229,24
229,23
229,22
229,21
229,20
